            1           2           3           4           5           6    
    1   0.0869918   0.0575326  -0.0248442  -0.0270476  -0.0134267   0.0156678
    2   0.0575326   0.0425587  -0.0270476  -0.0214083   0.0117446  -0.0036718
    3  -0.0248442  -0.0270476   0.0869918   0.0575326  -0.0134267   0.0156678
    4  -0.0270476  -0.0214083   0.0575326   0.0425587   0.0117446  -0.0036718
    5  -0.0134267   0.0117446  -0.0134267   0.0117446   1.0269287   0.0374277
    6   0.0156678  -0.0036718   0.0156678  -0.0036718   0.0374277   0.0631259
    7   0.0945658   0.0715190  -0.0945658  -0.0715190   0.0000000  -0.0000000
    8  -0.0000000  -0.0000000   0.0000000   0.0000000   0.0000000  -0.0000000
    9  -0.0677023  -0.0464184  -0.0677023  -0.0464184  -0.0231499   0.0174234
   10   0.0316902  -0.0284869   0.0316902  -0.0284869  -0.2344063   0.1822370
   11   0.0867114   0.0655788  -0.0867114  -0.0655788  -0.0000000  -0.0000000
   12  -0.0000000  -0.0000000   0.0000000   0.0000000  -0.0000000  -0.0000000
   13  -0.0772852  -0.0532208  -0.0772852  -0.0532208  -0.0170050   0.0220578
            7           8           9          10          11          12   
    1   0.0945658  -0.0000000  -0.0677023   0.0316902   0.0867114  -0.0000000
    2   0.0715190  -0.0000000  -0.0464184  -0.0284869   0.0655788  -0.0000000
    3  -0.0945658   0.0000000  -0.0677023   0.0316902  -0.0867114   0.0000000
    4  -0.0715190   0.0000000  -0.0464184  -0.0284869  -0.0655788   0.0000000
    5   0.0000000   0.0000000  -0.0231499  -0.2344063  -0.0000000  -0.0000000
    6  -0.0000000  -0.0000000   0.0174234   0.1822370  -0.0000000  -0.0000000
    7   0.1599250   0.0000000  -0.0000000   0.0000000   0.1466421   0.0000000
    8   0.0000000   0.2711800  -0.0000000   0.0000000   0.0000000   0.3294330
    9  -0.0000000  -0.0000000   0.2045440   0.1197911  -0.0000000  -0.0000000
   10   0.0000000   0.0000000   0.1197911   0.6598032  -0.0000000   0.0000000
   11   0.1466421   0.0000000  -0.0000000  -0.0000000   0.1344624   0.0000000
   12   0.0000000   0.3294330  -0.0000000   0.0000000   0.0000000   0.4001996
   13  -0.0000000  -0.0000000   0.2347899   0.1405157  -0.0000000   0.0000000
           13   
    1  -0.0772852
    2  -0.0532208
    3  -0.0772852
    4  -0.0532208
    5  -0.0170050
    6   0.0220578
    7  -0.0000000
    8  -0.0000000
    9   0.2347899
   10   0.1405157
   11  -0.0000000
   12   0.0000000
   13   0.2696451
