            1           2           3           4           5           6
    1   0.1088296   0.0784364  -0.0121090  -0.0201968  -0.0121090  -0.0201968
    2   0.0784364   0.0614394  -0.0201968  -0.0190024  -0.0201968  -0.0190024
    3  -0.0121090  -0.0201968   0.1088296   0.0784364  -0.0121090  -0.0201968
    4  -0.0201968  -0.0190024   0.0784364   0.0614394  -0.0201968  -0.0190024
    5  -0.0121090  -0.0201968  -0.0121090  -0.0201968   0.1088296   0.0784364
    6  -0.0201968  -0.0190024  -0.0201968  -0.0190024   0.0784364   0.0614394
    7  -0.0121090  -0.0201968  -0.0121090  -0.0201968  -0.0121090  -0.0201968
    8  -0.0201968  -0.0190024  -0.0201968  -0.0190024  -0.0201968  -0.0190024
    9  -0.0266321  -0.0034205  -0.0266321  -0.0034205  -0.0266321  -0.0034205
   10   0.0502887   0.0124594   0.0502887   0.0124594   0.0502887   0.0124594
   11   0.0759279   0.0619241  -0.0759279  -0.0619241  -0.0759279  -0.0619241
   12   0.0759279   0.0619241  -0.0759279  -0.0619241   0.0759279   0.0619241
   13   0.0759279   0.0619241   0.0759279   0.0619241  -0.0759279  -0.0619241
   14   0.0517162   0.0126786   0.0517162   0.0126786   0.0517162   0.0126786
   15   0.0385957   0.0314773  -0.0385957  -0.0314773  -0.0385957  -0.0314773
   16   0.0385957   0.0314773  -0.0385957  -0.0314773   0.0385957   0.0314773
   17   0.0385957   0.0314773   0.0385957   0.0314773  -0.0385957  -0.0314773
            7           8           9          10          11          12
    1  -0.0121090  -0.0201968  -0.0266321   0.0502887   0.0759279   0.0759279
    2  -0.0201968  -0.0190024  -0.0034205   0.0124594   0.0619241   0.0619241
    3  -0.0121090  -0.0201968  -0.0266321   0.0502887  -0.0759279  -0.0759279
    4  -0.0201968  -0.0190024  -0.0034205   0.0124594  -0.0619241  -0.0619241
    5  -0.0121090  -0.0201968  -0.0266321   0.0502887  -0.0759279   0.0759279
    6  -0.0201968  -0.0190024  -0.0034205   0.0124594  -0.0619241   0.0619241
    7   0.1088296   0.0784364  -0.0266321   0.0502887   0.0759279  -0.0759279
    8   0.0784364   0.0614394  -0.0034205   0.0124594   0.0619241  -0.0619241
    9  -0.0266321  -0.0034205   1.0311324  -0.0482047  -0.0000000  -0.0000000
   10   0.0502887   0.0124594  -0.0482047   0.1401884   0.0000000  -0.0000000
   11   0.0759279   0.0619241  -0.0000000   0.0000000   0.1906767  -0.0000000
   12  -0.0759279  -0.0619241  -0.0000000  -0.0000000  -0.0000000   0.1906767
   13  -0.0759279  -0.0619241   0.0000000   0.0000000   0.0000000   0.0000000
   14   0.0517162   0.0126786  -0.0920983   0.1430668  -0.0000000  -0.0000000
   15   0.0385957   0.0314773  -0.0000000   0.0000000   0.0969248  -0.0000000
   16  -0.0385957  -0.0314773   0.0000000  -0.0000000  -0.0000000   0.0969248
   17  -0.0385957  -0.0314773  -0.0000000   0.0000000  -0.0000000  -0.0000000
           13          14          15          16          17
    1   0.0759279   0.0517162   0.0385957   0.0385957   0.0385957
    2   0.0619241   0.0126786   0.0314773   0.0314773   0.0314773
    3   0.0759279   0.0517162  -0.0385957  -0.0385957   0.0385957
    4   0.0619241   0.0126786  -0.0314773  -0.0314773   0.0314773
    5  -0.0759279   0.0517162  -0.0385957   0.0385957  -0.0385957
    6  -0.0619241   0.0126786  -0.0314773   0.0314773  -0.0314773
    7  -0.0759279   0.0517162   0.0385957  -0.0385957  -0.0385957
    8  -0.0619241   0.0126786   0.0314773  -0.0314773  -0.0314773
    9   0.0000000  -0.0920983  -0.0000000   0.0000000  -0.0000000
   10   0.0000000   0.1430668   0.0000000  -0.0000000   0.0000000
   11   0.0000000  -0.0000000   0.0969248  -0.0000000  -0.0000000
   12   0.0000000  -0.0000000  -0.0000000   0.0969248  -0.0000000
   13   0.1906767  -0.0000000  -0.0000000  -0.0000000   0.0969248
   14  -0.0000000   0.1478185  -0.0000000  -0.0000000  -0.0000000
   15  -0.0000000  -0.0000000   0.0492688  -0.0000000  -0.0000000
   16  -0.0000000  -0.0000000  -0.0000000   0.0492688  -0.0000000
   17   0.0969248  -0.0000000  -0.0000000  -0.0000000   0.0492688
