            1           2           3           4           5           6
    1  -1.4672320   0.6538870   0.6538870  -0.0331997  -0.0365210   0.0079800
    2   0.6538870  -1.4672320   0.6538870  -0.0365210  -0.0331997   0.0079800
    3   0.6538870   0.6538870  -1.4672320  -0.0079800  -0.0079800   0.0001710
    4  -0.0331997  -0.0365210  -0.0079800  -1.4672320   0.6538870  -0.6538870
    5  -0.0365210  -0.0331997  -0.0079800   0.6538870  -1.4672320  -0.6538870
    6   0.0079800   0.0079800   0.0001710  -0.6538870  -0.6538870  -1.4672320
    7  -0.0331997  -0.0079800  -0.0365210   0.0001710   0.0079800  -0.0079800
    8   0.0079800   0.0001710   0.0079800  -0.0079800  -0.0331997   0.0365210
    9  -0.0365210  -0.0079800  -0.0331997   0.0079800   0.0365210  -0.0331997
   10   0.0001710   0.0079800   0.0079800  -0.0331997  -0.0079800   0.0365210
   11  -0.0079800  -0.0331997  -0.0365210   0.0079800   0.0001710  -0.0079800
   12  -0.0079800  -0.0365210  -0.0331997   0.0365210   0.0079800  -0.0331997
   13   1.5334606  -0.6173660  -0.6173660   1.5334606  -0.6173660   0.6173660
   14  -0.6173660   1.5334606  -0.6173660  -0.6173660   1.5334606   0.6173660
   15  -0.6173660  -0.6173660   1.5334606   0.6173660   0.6173660   1.5334606
            7           8           9          10          11          12
    1  -0.0331997   0.0079800  -0.0365210   0.0001710  -0.0079800  -0.0079800
    2  -0.0079800   0.0001710  -0.0079800   0.0079800  -0.0331997  -0.0365210
    3  -0.0365210   0.0079800  -0.0331997   0.0079800  -0.0365210  -0.0331997
    4   0.0001710  -0.0079800   0.0079800  -0.0331997   0.0079800   0.0365210
    5   0.0079800  -0.0331997   0.0365210  -0.0079800   0.0001710   0.0079800
    6  -0.0079800   0.0365210  -0.0331997   0.0365210  -0.0079800  -0.0331997
    7  -1.4672320  -0.6538870   0.6538870  -0.0331997   0.0365210   0.0079800
    8  -0.6538870  -1.4672320  -0.6538870   0.0365210  -0.0331997  -0.0079800
    9   0.6538870  -0.6538870  -1.4672320  -0.0079800   0.0079800   0.0001710
   10  -0.0331997   0.0365210  -0.0079800  -1.4672320  -0.6538870  -0.6538870
   11   0.0365210  -0.0331997   0.0079800  -0.6538870  -1.4672320   0.6538870
   12   0.0079800  -0.0079800   0.0001710  -0.6538870   0.6538870  -1.4672320
   13   1.5334606   0.6173660  -0.6173660   1.5334606   0.6173660   0.6173660
   14   0.6173660   1.5334606   0.6173660   0.6173660   1.5334606  -0.6173660
   15  -0.6173660   0.6173660   1.5334606   0.6173660  -0.6173660   1.5334606
           13          14          15
    1   1.5334606  -0.6173660  -0.6173660
    2  -0.6173660   1.5334606  -0.6173660
    3  -0.6173660  -0.6173660   1.5334606
    4   1.5334606  -0.6173660   0.6173660
    5  -0.6173660   1.5334606   0.6173660
    6   0.6173660   0.6173660   1.5334606
    7   1.5334606   0.6173660  -0.6173660
    8   0.6173660   1.5334606   0.6173660
    9  -0.6173660   0.6173660   1.5334606
   10   1.5334606   0.6173660   0.6173660
   11   0.6173660   1.5334606  -0.6173660
   12   0.6173660  -0.6173660   1.5334606
   13  -6.1338422  -0.0000000  -0.0000000
   14  -0.0000000  -6.1338422  -0.0000000
   15  -0.0000000  -0.0000000  -6.1338422
