            1           2           3           4           5           6
    1  -1.2785598   0.6591837   0.6591837  -0.0079304   0.0163479  -0.0031765
    2   0.6591837  -1.2785598   0.6591837   0.0163479  -0.0079304  -0.0031765
    3   0.6591837   0.6591837  -1.2785598   0.0031765   0.0031765  -0.0309697
    4  -0.0079304   0.0163479   0.0031765  -1.2785598   0.6591837  -0.6591837
    5   0.0163479  -0.0079304   0.0031765   0.6591837  -1.2785598  -0.6591837
    6  -0.0031765  -0.0031765  -0.0309697  -0.6591837  -0.6591837  -1.2785598
    7  -0.0079304   0.0031765   0.0163479  -0.0309697  -0.0031765   0.0031765
    8  -0.0031765  -0.0309697  -0.0031765   0.0031765  -0.0079304  -0.0163479
    9   0.0163479   0.0031765  -0.0079304  -0.0031765  -0.0163479  -0.0079304
   10  -0.0309697  -0.0031765  -0.0031765  -0.0079304   0.0031765  -0.0163479
   11   0.0031765  -0.0079304   0.0163479  -0.0031765  -0.0309697   0.0031765
   12   0.0031765   0.0163479  -0.0079304  -0.0163479  -0.0031765  -0.0079304
   13   1.3253903  -0.6755316  -0.6755316   1.3253903  -0.6755316   0.6755316
   14  -0.6755316   1.3253903  -0.6755316  -0.6755316   1.3253903   0.6755316
   15  -0.6755316  -0.6755316   1.3253903   0.6755316   0.6755316   1.3253903
            7           8           9          10          11          12
    1  -0.0079304  -0.0031765   0.0163479  -0.0309697   0.0031765   0.0031765
    2   0.0031765  -0.0309697   0.0031765  -0.0031765  -0.0079304   0.0163479
    3   0.0163479  -0.0031765  -0.0079304  -0.0031765   0.0163479  -0.0079304
    4  -0.0309697   0.0031765  -0.0031765  -0.0079304  -0.0031765  -0.0163479
    5  -0.0031765  -0.0079304  -0.0163479   0.0031765  -0.0309697  -0.0031765
    6   0.0031765  -0.0163479  -0.0079304  -0.0163479   0.0031765  -0.0079304
    7  -1.2785598  -0.6591837   0.6591837  -0.0079304  -0.0163479  -0.0031765
    8  -0.6591837  -1.2785598  -0.6591837  -0.0163479  -0.0079304   0.0031765
    9   0.6591837  -0.6591837  -1.2785598   0.0031765  -0.0031765  -0.0309697
   10  -0.0079304  -0.0163479   0.0031765  -1.2785598  -0.6591837  -0.6591837
   11  -0.0163479  -0.0079304  -0.0031765  -0.6591837  -1.2785598   0.6591837
   12  -0.0031765   0.0031765  -0.0309697  -0.6591837   0.6591837  -1.2785598
   13   1.3253903   0.6755316  -0.6755316   1.3253903   0.6755316   0.6755316
   14   0.6755316   1.3253903   0.6755316   0.6755316   1.3253903  -0.6755316
   15  -0.6755316   0.6755316   1.3253903   0.6755316  -0.6755316   1.3253903
           13          14          15
    1   1.3253903  -0.6755316  -0.6755316
    2  -0.6755316   1.3253903  -0.6755316
    3  -0.6755316  -0.6755316   1.3253903
    4   1.3253903  -0.6755316   0.6755316
    5  -0.6755316   1.3253903   0.6755316
    6   0.6755316   0.6755316   1.3253903
    7   1.3253903   0.6755316  -0.6755316
    8   0.6755316   1.3253903   0.6755316
    9  -0.6755316   0.6755316   1.3253903
   10   1.3253903   0.6755316   0.6755316
   11   0.6755316   1.3253903  -0.6755316
   12   0.6755316  -0.6755316   1.3253903
   13  -5.3015610  -0.0000000  -0.0000000
   14  -0.0000000  -5.3015610  -0.0000000
   15  -0.0000000  -0.0000000  -5.3015610
