            1           2           3           4           5           6
    1   0.1339156  -0.0966033  -0.0966033   0.0002232  -0.0105898   0.0127078
    2  -0.0966033   0.1339156  -0.0966033  -0.0105898   0.0002232   0.0127078
    3  -0.0966033  -0.0966033   0.1339156  -0.0127078  -0.0127078   0.0087979
    4   0.0002232  -0.0105898  -0.0127078   0.1339156  -0.0966033   0.0966033
    5  -0.0105898   0.0002232  -0.0127078  -0.0966033   0.1339156   0.0966033
    6   0.0127078   0.0127078   0.0087979   0.0966033   0.0966033   0.1339156
    7   0.0002232  -0.0127078  -0.0105898   0.0087979   0.0127078  -0.0127078
    8   0.0127078   0.0087979   0.0127078  -0.0127078   0.0002232   0.0105898
    9  -0.0105898  -0.0127078   0.0002232   0.0127078   0.0105898   0.0002232
   10   0.0087979   0.0127078   0.0127078   0.0002232  -0.0127078   0.0105898
   11  -0.0127078   0.0002232  -0.0105898   0.0127078   0.0087979  -0.0127078
   12  -0.0127078  -0.0105898   0.0002232   0.0105898   0.0127078   0.0002232
   13  -0.1431598   0.1071930   0.1071930  -0.1431598   0.1071930  -0.1071930
   14   0.1071930  -0.1431598   0.1071930   0.1071930  -0.1431598  -0.1071930
   15   0.1071930   0.1071930  -0.1431598  -0.1071930  -0.1071930  -0.1431598
            7           8           9          10          11          12
    1   0.0002232   0.0127078  -0.0105898   0.0087979  -0.0127078  -0.0127078
    2  -0.0127078   0.0087979  -0.0127078   0.0127078   0.0002232  -0.0105898
    3  -0.0105898   0.0127078   0.0002232   0.0127078  -0.0105898   0.0002232
    4   0.0087979  -0.0127078   0.0127078   0.0002232   0.0127078   0.0105898
    5   0.0127078   0.0002232   0.0105898  -0.0127078   0.0087979   0.0127078
    6  -0.0127078   0.0105898   0.0002232   0.0105898  -0.0127078   0.0002232
    7   0.1339156   0.0966033  -0.0966033   0.0002232   0.0105898   0.0127078
    8   0.0966033   0.1339156   0.0966033   0.0105898   0.0002232  -0.0127078
    9  -0.0966033   0.0966033   0.1339156  -0.0127078   0.0127078   0.0087979
   10   0.0002232   0.0105898  -0.0127078   0.1339156   0.0966033   0.0966033
   11   0.0105898   0.0002232   0.0127078   0.0966033   0.1339156  -0.0966033
   12   0.0127078  -0.0127078   0.0087979   0.0966033  -0.0966033   0.1339156
   13  -0.1431598  -0.1071930   0.1071930  -0.1431598  -0.1071930  -0.1071930
   14  -0.1071930  -0.1431598  -0.1071930  -0.1071930  -0.1431598   0.1071930
   15   0.1071930  -0.1071930  -0.1431598  -0.1071930   0.1071930  -0.1431598
           13          14          15
    1  -0.1431598   0.1071930   0.1071930
    2   0.1071930  -0.1431598   0.1071930
    3   0.1071930   0.1071930  -0.1431598
    4  -0.1431598   0.1071930  -0.1071930
    5   0.1071930  -0.1431598  -0.1071930
    6  -0.1071930  -0.1071930  -0.1431598
    7  -0.1431598  -0.1071930   0.1071930
    8  -0.1071930  -0.1431598  -0.1071930
    9   0.1071930  -0.1071930  -0.1431598
   10  -0.1431598  -0.1071930  -0.1071930
   11  -0.1071930  -0.1431598   0.1071930
   12  -0.1071930   0.1071930  -0.1431598
   13   0.5726393   0.0000000   0.0000000
   14   0.0000000   0.5726393   0.0000000
   15   0.0000000   0.0000000   0.5726393
 
