            1           2           3           4           5           6
    1   0.1729946  -0.0986046  -0.0986046   0.0113802   0.0063266   0.0108145
    2  -0.0986046   0.1729946  -0.0986046   0.0063266   0.0113802   0.0108145
    3  -0.0986046  -0.0986046   0.1729946  -0.0108145  -0.0108145   0.0047173
    4   0.0113802   0.0063266  -0.0108145   0.1729946  -0.0986046   0.0986046
    5   0.0063266   0.0113802  -0.0108145  -0.0986046   0.1729946   0.0986046
    6   0.0108145   0.0108145   0.0047173   0.0986046   0.0986046   0.1729946
    7   0.0113802  -0.0108145   0.0063266   0.0047173   0.0108145  -0.0108145
    8   0.0108145   0.0047173   0.0108145  -0.0108145   0.0113802  -0.0063266
    9   0.0063266  -0.0108145   0.0113802   0.0108145  -0.0063266   0.0113802
   10   0.0047173   0.0108145   0.0108145   0.0113802  -0.0108145  -0.0063266
   11  -0.0108145   0.0113802   0.0063266   0.0108145   0.0047173  -0.0108145
   12  -0.0108145   0.0063266   0.0113802  -0.0063266   0.0108145   0.0113802
   13  -0.2004724   0.0922780   0.0922780  -0.2004724   0.0922780  -0.0922780
   14   0.0922780  -0.2004724   0.0922780   0.0922780  -0.2004724  -0.0922780
   15   0.0922780   0.0922780  -0.2004724  -0.0922780  -0.0922780  -0.2004724
            7           8           9          10          11          12
    1   0.0113802   0.0108145   0.0063266   0.0047173  -0.0108145  -0.0108145
    2  -0.0108145   0.0047173  -0.0108145   0.0108145   0.0113802   0.0063266
    3   0.0063266   0.0108145   0.0113802   0.0108145   0.0063266   0.0113802
    4   0.0047173  -0.0108145   0.0108145   0.0113802   0.0108145  -0.0063266
    5   0.0108145   0.0113802  -0.0063266  -0.0108145   0.0047173   0.0108145
    6  -0.0108145  -0.0063266   0.0113802  -0.0063266  -0.0108145   0.0113802
    7   0.1729946   0.0986046  -0.0986046   0.0113802  -0.0063266   0.0108145
    8   0.0986046   0.1729946   0.0986046  -0.0063266   0.0113802  -0.0108145
    9  -0.0986046   0.0986046   0.1729946  -0.0108145   0.0108145   0.0047173
   10   0.0113802  -0.0063266  -0.0108145   0.1729946   0.0986046   0.0986046
   11  -0.0063266   0.0113802   0.0108145   0.0986046   0.1729946  -0.0986046
   12   0.0108145  -0.0108145   0.0047173   0.0986046  -0.0986046   0.1729946
   13  -0.2004724  -0.0922780   0.0922780  -0.2004724  -0.0922780  -0.0922780
   14  -0.0922780  -0.2004724  -0.0922780  -0.0922780  -0.2004724   0.0922780
   15   0.0922780  -0.0922780  -0.2004724  -0.0922780   0.0922780  -0.2004724
           13          14          15
    1  -0.2004724   0.0922780   0.0922780
    2   0.0922780  -0.2004724   0.0922780
    3   0.0922780   0.0922780  -0.2004724
    4  -0.2004724   0.0922780  -0.0922780
    5   0.0922780  -0.2004724  -0.0922780
    6  -0.0922780  -0.0922780  -0.2004724
    7  -0.2004724  -0.0922780   0.0922780
    8  -0.0922780  -0.2004724  -0.0922780
    9   0.0922780  -0.0922780  -0.2004724
   10  -0.2004724  -0.0922780  -0.0922780
   11  -0.0922780  -0.2004724   0.0922780
   12  -0.0922780   0.0922780  -0.2004724
   13   0.8018895  -0.0000000   0.0000000
   14  -0.0000000   0.8018895  -0.0000000
   15   0.0000000  -0.0000000   0.8018895
