            1           2           3           4           5           6
    1   0.1576903  -0.1001438  -0.1001438   0.0028413  -0.0071335   0.0126136
    2  -0.1001438   0.1576903  -0.1001438  -0.0071335   0.0028413   0.0126136
    3  -0.1001438  -0.1001438   0.1576903  -0.0126136  -0.0126136   0.0088269
    4   0.0028413  -0.0071335  -0.0126136   0.1576903  -0.1001438   0.1001438
    5  -0.0071335   0.0028413  -0.0126136  -0.1001438   0.1576903   0.1001438
    6   0.0126136   0.0126136   0.0088269   0.1001438   0.1001438   0.1576903
    7   0.0028413  -0.0126136  -0.0071335   0.0088269   0.0126136  -0.0126136
    8   0.0126136   0.0088269   0.0126136  -0.0126136   0.0028413   0.0071335
    9  -0.0071335  -0.0126136   0.0028413   0.0126136   0.0071335   0.0028413
   10   0.0088269   0.0126136   0.0126136   0.0028413  -0.0126136   0.0071335
   11  -0.0126136   0.0028413  -0.0071335   0.0126136   0.0088269  -0.0126136
   12  -0.0126136  -0.0071335   0.0028413   0.0071335   0.0126136   0.0028413
   13  -0.1721999   0.1072773   0.1072773  -0.1721999   0.1072773  -0.1072773
   14   0.1072773  -0.1721999   0.1072773   0.1072773  -0.1721999  -0.1072773
   15   0.1072773   0.1072773  -0.1721999  -0.1072773  -0.1072773  -0.1721999
            7           8           9          10          11          12
    1   0.0028413   0.0126136  -0.0071335   0.0088269  -0.0126136  -0.0126136
    2  -0.0126136   0.0088269  -0.0126136   0.0126136   0.0028413  -0.0071335
    3  -0.0071335   0.0126136   0.0028413   0.0126136  -0.0071335   0.0028413
    4   0.0088269  -0.0126136   0.0126136   0.0028413   0.0126136   0.0071335
    5   0.0126136   0.0028413   0.0071335  -0.0126136   0.0088269   0.0126136
    6  -0.0126136   0.0071335   0.0028413   0.0071335  -0.0126136   0.0028413
    7   0.1576903   0.1001438  -0.1001438   0.0028413   0.0071335   0.0126136
    8   0.1001438   0.1576903   0.1001438   0.0071335   0.0028413  -0.0126136
    9  -0.1001438   0.1001438   0.1576903  -0.0126136   0.0126136   0.0088269
   10   0.0028413   0.0071335  -0.0126136   0.1576903   0.1001438   0.1001438
   11   0.0071335   0.0028413   0.0126136   0.1001438   0.1576903  -0.1001438
   12   0.0126136  -0.0126136   0.0088269   0.1001438  -0.1001438   0.1576903
   13  -0.1721999  -0.1072773   0.1072773  -0.1721999  -0.1072773  -0.1072773
   14  -0.1072773  -0.1721999  -0.1072773  -0.1072773  -0.1721999   0.1072773
   15   0.1072773  -0.1072773  -0.1721999  -0.1072773   0.1072773  -0.1721999
           13          14          15
    1  -0.1721999   0.1072773   0.1072773
    2   0.1072773  -0.1721999   0.1072773
    3   0.1072773   0.1072773  -0.1721999
    4  -0.1721999   0.1072773  -0.1072773
    5   0.1072773  -0.1721999  -0.1072773
    6  -0.1072773  -0.1072773  -0.1721999
    7  -0.1721999  -0.1072773   0.1072773
    8  -0.1072773  -0.1721999  -0.1072773
    9   0.1072773  -0.1072773  -0.1721999
   10  -0.1721999  -0.1072773  -0.1072773
   11  -0.1072773  -0.1721999   0.1072773
   12  -0.1072773   0.1072773  -0.1721999
   13   0.6887996  -0.0000000   0.0000000
   14  -0.0000000   0.6887996   0.0000000
   15   0.0000000   0.0000000   0.6887996
