                 1            2            3            4            5            6 
1        0.0041587   -0.0012539    0.0004453    0.0018127    0.0007065    0.0028347 
2       -0.0012539    0.0004741   -0.0001977   -0.0008050   -0.0003003   -0.0011765 
3        0.0004453   -0.0001977    0.0001187    0.0003621    0.0001296    0.0003940 
4        0.0018127   -0.0008050    0.0003621    0.0015040    0.0005274    0.0021923 
5        0.0007065   -0.0003003    0.0001296    0.0005274    0.0002172    0.0006869 
6        0.0028347   -0.0011765    0.0003940    0.0021923    0.0006869    0.0041586 
7       -0.0011765    0.0004696   -0.0001947   -0.0008272   -0.0002991   -0.0012539 
8        0.0015073   -0.0006076    0.0003005    0.0010657    0.0003944    0.0013472 
9       -0.0016399    0.0005940   -0.0002556   -0.0009761   -0.0003811   -0.0012919 
10       0.0006869   -0.0002991    0.0001288    0.0005331    0.0002169    0.0007065 
11       0.0028348   -0.0011765    0.0006666    0.0021254    0.0006869    0.0028347 
12      -0.0011765    0.0004696   -0.0002107   -0.0008232   -0.0002991   -0.0011765 
13      -0.0020956    0.0008137   -0.0003062   -0.0014160   -0.0005261   -0.0021738 
14      -0.0007550    0.0002449   -0.0000946   -0.0003695   -0.0001550   -0.0004854 
15       0.0006869   -0.0002991    0.0001328    0.0005321    0.0002169    0.0006869 
16      -0.0277426    0.0139428   -0.0068163   -0.0277500   -0.0106706   -0.0277415 
17       0.0406310   -0.0142828    0.0056007    0.0228010    0.0081806    0.0406300 
18       0.0142364   -0.0055769    0.0023637    0.0096228    0.0035754    0.0142361 
19      -0.0070069    0.0004098    0.0055357    0.0005824   -0.0001040   -0.0212008 
20      -0.0285258    0.0016683    0.0005825    0.0077638   -0.0004231    0.0203308 
21      -0.0104877   -0.0000290    0.0000458    0.0001866    0.0046661   -0.0104876 
22      -0.0000374    0.0000022    0.0000295    0.0000031   -0.0000006   -0.0001130 
23      -0.0001520    0.0000089    0.0000031    0.0000414   -0.0000022    0.0001084 
24      -0.0005133    0.0001938   -0.0000800   -0.0003257   -0.0001202   -0.0005132 
25       0.0002602   -0.0000152    0.0000720   -0.0000898    0.0000039   -0.0005611 
26       0.0011421   -0.0000668   -0.0000233   -0.0003108    0.0000169   -0.0008140 
27       0.0001821    0.0000120    0.0000039    0.0000158   -0.0001200    0.0001821 
28       0.0002806   -0.0000164   -0.0002216   -0.0000233    0.0000042    0.0008488 
29      -0.0004977    0.0000291    0.0000783    0.0001187   -0.0000074    0.0000235 
                 7            8            9           10           11           12 
1       -0.0011765    0.0015073   -0.0016399    0.0006869    0.0028348   -0.0011765 
2        0.0004696   -0.0006076    0.0005940   -0.0002991   -0.0011765    0.0004696 
3       -0.0001947    0.0003005   -0.0002556    0.0001288    0.0006666   -0.0002107 
4       -0.0008272    0.0010657   -0.0009761    0.0005331    0.0021254   -0.0008232 
5       -0.0002991    0.0003944   -0.0003811    0.0002169    0.0006869   -0.0002991 
6       -0.0012539    0.0013472   -0.0012919    0.0007065    0.0028347   -0.0011765 
7        0.0004741   -0.0005982    0.0005737   -0.0003003   -0.0011765    0.0004696 
8       -0.0005982    0.0008441   -0.0007809    0.0003920    0.0017016   -0.0006190 
9        0.0005737   -0.0007809    0.0007786   -0.0003759   -0.0014373    0.0005822 
10      -0.0003003    0.0003920   -0.0003759    0.0002172    0.0006869   -0.0002991 
11      -0.0011765    0.0017016   -0.0014373    0.0006869    0.0041588   -0.0012539 
12       0.0004696   -0.0006190    0.0005822   -0.0002991   -0.0012539    0.0004741 
13       0.0008183   -0.0010078    0.0010109   -0.0005272   -0.0017925    0.0007960 
14       0.0002292   -0.0003104    0.0003321   -0.0001510   -0.0005208    0.0002312 
15      -0.0002991    0.0003973   -0.0003781    0.0002169    0.0007065   -0.0003003 
16       0.0139429   -0.0206237    0.0197775   -0.0106703   -0.0277428    0.0139429 
17      -0.0142827    0.0169458   -0.0162504    0.0081804    0.0406311   -0.0142828 
18      -0.0055769    0.0071517   -0.0068582    0.0035753    0.0142365   -0.0055769 
19       0.0012398    0.0067022   -0.0012559   -0.0003145    0.0282075   -0.0016496 
20      -0.0011889   -0.0012559    0.0065969    0.0003016    0.0081949   -0.0004793 
21      -0.0000291    0.0001385   -0.0001329    0.0046660   -0.0104878   -0.0000290 
22       0.0000066    0.0000357   -0.0000067   -0.0000017    0.0001503   -0.0000088 
23      -0.0000063   -0.0000067    0.0000352    0.0000016    0.0000437   -0.0000026 
24       0.0001938   -0.0002421    0.0002321   -0.0001202   -0.0005133    0.0001938 
25       0.0000328    0.0001120   -0.0001014   -0.0000083    0.0003009   -0.0000176 
26       0.0000476    0.0000503   -0.0002641   -0.0000121   -0.0003281    0.0000192 
27       0.0000120    0.0000117   -0.0000112   -0.0001200    0.0001822    0.0000120 
28      -0.0000496   -0.0002683    0.0000503    0.0000126   -0.0011293    0.0000660 
29      -0.0000014    0.0000667    0.0000787    0.0000003    0.0004742   -0.0000277 
                13           14           15           16           17           18 
1       -0.0020956   -0.0007550    0.0006869   -0.0277426    0.0406310    0.0142364 
2        0.0008137    0.0002449   -0.0002991    0.0139428   -0.0142828   -0.0055769 
3       -0.0003062   -0.0000946    0.0001328   -0.0068163    0.0056007    0.0023637 
4       -0.0014160   -0.0003695    0.0005321   -0.0277500    0.0228010    0.0096228 
5       -0.0005261   -0.0001550    0.0002169   -0.0106706    0.0081806    0.0035754 
6       -0.0021738   -0.0004854    0.0006869   -0.0277415    0.0406300    0.0142361 
7        0.0008183    0.0002292   -0.0002991    0.0139429   -0.0142827   -0.0055769 
8       -0.0010078   -0.0003104    0.0003973   -0.0206237    0.0169458    0.0071517 
9        0.0010109    0.0003321   -0.0003781    0.0197775   -0.0162504   -0.0068582 
10      -0.0005272   -0.0001510    0.0002169   -0.0106703    0.0081804    0.0035753 
11      -0.0017925   -0.0005208    0.0007065   -0.0277428    0.0406311    0.0142365 
12       0.0007960    0.0002312   -0.0003003    0.0139429   -0.0142828   -0.0055769 
13       0.0014713    0.0004188   -0.0005216    0.0274404   -0.0225465   -0.0095155 
14       0.0004188    0.0001514   -0.0001515    0.0079721   -0.0065503   -0.0027645 
15      -0.0005216   -0.0001515    0.0002172   -0.0106708    0.0081806    0.0035754 
16       0.0274404    0.0079721   -0.0106708    1.0298773   -0.0704354   -0.1534501 
17      -0.0225465   -0.0065503    0.0081806   -0.0704354    0.6348724    0.1760882 
18      -0.0095155   -0.0027645    0.0035754   -0.1534501    0.1760882    0.0664262 
19       0.0077112    0.0006736    0.0004184    0.0000002   -0.0000001   -0.0000001 
20       0.0006736    0.0055883    0.0001216   -0.0000003    0.0000003    0.0000001 
21      -0.0001845   -0.0000536    0.0046661   -0.0170241    0.0199152    0.0137998 
22       0.0000411    0.0000036    0.0000022    0.0000004   -0.0000003   -0.0000001 
23       0.0000036    0.0000298    0.0000007   -0.0000003    0.0000002    0.0000001 
24       0.0003221    0.0000936   -0.0001202    0.0038105   -0.0069909   -0.0023383 
25       0.0001021   -0.0000610    0.0000045    0.0000004   -0.0000001   -0.0000001 
26      -0.0000270   -0.0002237   -0.0000049    0.0000002   -0.0000001   -0.0000000 
27      -0.0000156   -0.0000045   -0.0001200   -0.0062609   -0.0049475   -0.0006601 
28      -0.0003087   -0.0000270   -0.0000167   -0.0000002    0.0000001    0.0000000 
29       0.0001072    0.0000887    0.0000070    0.0000001    0.0000000   -0.0000000 
                19           20           21           22           23           24 
1       -0.0070069   -0.0285258   -0.0104877   -0.0000374   -0.0001520   -0.0005133 
2        0.0004098    0.0016683   -0.0000290    0.0000022    0.0000089    0.0001938 
3        0.0055357    0.0005825    0.0000458    0.0000295    0.0000031   -0.0000800 
4        0.0005824    0.0077638    0.0001866    0.0000031    0.0000414   -0.0003257 
5       -0.0001040   -0.0004231    0.0046661   -0.0000006   -0.0000022   -0.0001202 
6       -0.0212008    0.0203308   -0.0104876   -0.0001130    0.0001084   -0.0005132 
7        0.0012398   -0.0011889   -0.0000291    0.0000066   -0.0000063    0.0001938 
8        0.0067022   -0.0012559    0.0001385    0.0000357   -0.0000067   -0.0002421 
9       -0.0012559    0.0065969   -0.0001329   -0.0000067    0.0000352    0.0002321 
10      -0.0003145    0.0003016    0.0046660   -0.0000017    0.0000016   -0.0001202 
11       0.0282075    0.0081949   -0.0104878    0.0001503    0.0000437   -0.0005133 
12      -0.0016496   -0.0004793   -0.0000290   -0.0000088   -0.0000026    0.0001938 
13       0.0077112    0.0006736   -0.0001845    0.0000411    0.0000036    0.0003221 
14       0.0006736    0.0055883   -0.0000536    0.0000036    0.0000298    0.0000936 
15       0.0004184    0.0001216    0.0046661    0.0000022    0.0000007   -0.0001202 
16       0.0000002   -0.0000003   -0.0170241    0.0000004   -0.0000003    0.0038105 
17      -0.0000001    0.0000003    0.0199152   -0.0000003    0.0000002   -0.0069909 
18      -0.0000001    0.0000001    0.0137998   -0.0000001    0.0000001   -0.0023383 
19       0.9775347   -0.0000001    0.0000000    0.0052098    0.0000001   -0.0000000 
20      -0.0000001    0.9775348   -0.0000000    0.0000001    0.0052099    0.0000000 
21       0.0000000   -0.0000000    0.9929328   -0.0000001    0.0000001   -0.0005215 
22       0.0052098    0.0000001   -0.0000001    0.0000278    0.0000000    0.0000000 
23       0.0000001    0.0052099    0.0000001    0.0000000    0.0000278   -0.0000000 
24      -0.0000000    0.0000000   -0.0005215    0.0000000   -0.0000000    0.0000861 
25       0.0140191   -0.0123602   -0.0000002    0.0000747   -0.0000659    0.0000000 
26      -0.0000002   -0.0391378   -0.0000002   -0.0000000   -0.0002086    0.0000000 
27       0.0000001    0.0000001   -0.0282612    0.0000000   -0.0000000    0.0000416 
28      -0.0391379   -0.0000002   -0.0000001   -0.0002086   -0.0000000   -0.0000000 
29       0.0123599    0.0140196   -0.0000000    0.0000659    0.0000747   -0.0000000 
                25           26           27           28           29 
1        0.0002602    0.0011421    0.0001821    0.0002806   -0.0004977 
2       -0.0000152   -0.0000668    0.0000120   -0.0000164    0.0000291 
3        0.0000720   -0.0000233    0.0000039   -0.0002216    0.0000783 
4       -0.0000898   -0.0003108    0.0000158   -0.0000233    0.0001187 
5        0.0000039    0.0000169   -0.0001200    0.0000042   -0.0000074 
6       -0.0005611   -0.0008140    0.0001821    0.0008488    0.0000235 
7        0.0000328    0.0000476    0.0000120   -0.0000496   -0.0000014 
8        0.0001120    0.0000503    0.0000117   -0.0002683    0.0000667 
9       -0.0001014   -0.0002641   -0.0000112    0.0000503    0.0000787 
10      -0.0000083   -0.0000121   -0.0001200    0.0000126    0.0000003 
11       0.0003009   -0.0003281    0.0001822   -0.0011293    0.0004742 
12      -0.0000176    0.0000192    0.0000120    0.0000660   -0.0000277 
13       0.0001021   -0.0000270   -0.0000156   -0.0003087    0.0001072 
14      -0.0000610   -0.0002237   -0.0000045   -0.0000270    0.0000887 
15       0.0000045   -0.0000049   -0.0001200   -0.0000167    0.0000070 
16       0.0000004    0.0000002   -0.0062609   -0.0000002    0.0000001 
17      -0.0000001   -0.0000001   -0.0049475    0.0000001    0.0000000 
18      -0.0000001   -0.0000000   -0.0006601    0.0000000   -0.0000000 
19       0.0140191   -0.0000002    0.0000001   -0.0391379    0.0123599 
20      -0.0123602   -0.0391378    0.0000001   -0.0000002    0.0140196 
21      -0.0000002   -0.0000002   -0.0282612   -0.0000001   -0.0000000 
22       0.0000747   -0.0000000    0.0000000   -0.0002086    0.0000659 
23      -0.0000659   -0.0002086   -0.0000000   -0.0000000    0.0000747 
24       0.0000000    0.0000000    0.0000416   -0.0000000   -0.0000000 
25       0.0003573    0.0004949    0.0000000   -0.0005613   -0.0000000 
26       0.0004949    0.0015670    0.0000000    0.0000000   -0.0005613 
27       0.0000000    0.0000000    0.0008858   -0.0000000    0.0000000 
28      -0.0005613    0.0000000   -0.0000000    0.0015670   -0.0004949 
29      -0.0000000   -0.0005613    0.0000000   -0.0004949    0.0003573 
